5 6643.85
5.0101 6864.21
5.0202 7004.91
5.0303 7078.85
5.0404 7098.95
5.05051 7078.13
5.06061 7029.29
5.07071 6965.37
5.08081 6899.26
5.09091 6843.89
5.10101 6812.18
5.11111 6817.03
5.12121 6867.86
5.13131 6960.05
5.14141 7085.46
5.15152 7235.98
5.16162 7403.48
5.17172 7579.82
5.18182 7756.89
5.19192 7926.56
5.20202 8080.71
5.21212 8211.19
5.22222 8309.9
5.23232 8371.2
5.24242 8399.45
5.25253 8401.5
5.26263 8384.23
5.27273 8354.49
5.28283 8319.13
5.29293 8285.02
5.30303 8259.01
5.31313 8247.96
5.32323 8258.74
5.33333 8298.19
5.34343 8371
5.35354 8473.1
5.36364 8598.25
5.37374 8740.19
5.38384 8892.69
5.39394 9049.49
5.40404 9204.35
5.41414 9351.02
5.42424 9483.25
5.43434 9594.8
5.44444 9679.41
5.45455 9732.89
5.46465 9759.13
5.47475 9764.1
5.48485 9753.73
5.49495 9733.98
5.50505 9710.79
5.51515 9690.11
5.52525 9677.89
5.53535 9680.08
5.54545 9702.62
5.55556 9751.47
5.56566 9830.69
5.57576 9936.82
5.58586 10064.5
5.59596 10208.5
5.60606 10363.4
5.61616 10523.8
5.62626 10684.5
5.63636 10840.1
5.64646 10985.2
5.65657 11114.6
5.66667 11222.8
5.67677 11306.3
5.68687 11368
5.69697 11412.6
5.70707 11444.7
5.71717 11469
5.72727 11490.1
5.73737 11512.7
5.74747 11541.5
5.75758 11581
5.76768 11636
5.77778 11711.1
5.78788 11809.7
5.79798 11929.6
5.80808 12067.4
5.81818 12219.8
5.82828 12383.4
5.83838 12554.7
5.84848 12730.3
5.85859 12906.8
5.86869 13080.9
5.87879 13249.1
5.88889 13407.9
5.89899 13552.9
5.90909 13674.7
5.91919 13762.9
5.92929 13806.8
5.93939 13796.2
5.94949 13720.4
5.9596 13568.9
5.9697 13331.4
5.9798 12997.2
5.9899 12556
6 11997.2
