5.1 6430.41
5.10201 6427.1
5.10401 6423.98
5.10602 6421.02
5.10803 6418.21
5.11003 6415.51
5.11204 7049.32
5.11405 7062.13
5.11605 7074.94
5.11806 7087.75
5.12007 7100.55
5.12207 7113.34
5.12408 7126.12
5.12609 7138.88
5.12809 7151.62
5.1301 7164.33
5.13211 7177.01
5.13411 7189.67
5.13612 7202.28
5.13813 7214.85
5.14013 7227.38
5.14214 7239.85
5.14415 7252.28
5.14615 7264.65
5.14816 7276.95
5.15017 7289.2
5.15217 7301.37
5.15418 7313.47
5.15619 7325.5
5.15819 7337.45
5.1602 7349.31
5.16221 7361.08
5.16421 7372.77
5.16622 7384.35
5.16823 7395.84
5.17023 7407.22
5.17224 7418.5
5.17425 7429.67
5.17625 7440.72
5.17826 7451.65
5.18027 7462.46
5.18227 7473.14
5.18428 7483.69
5.18629 7494.11
5.18829 7504.38
5.1903 7514.52
5.19231 7524.51
5.19431 7534.35
5.19632 7544.04
5.19833 7553.56
5.20033 7562.93
5.20234 7572.13
5.20435 7581.16
5.20635 7590.02
5.20836 7598.7
5.21037 7607.2
5.21237 7615.51
5.21438 7623.64
5.21639 7631.57
5.21839 7639.31
5.2204 7646.84
5.22241 8081.71
5.22441 8086.77
5.22642 8091.79
5.22843 8096.74
5.23043 8101.65
5.23244 8106.5
5.23445 8111.31
5.23645 8116.06
5.23846 8120.77
5.24047 8125.43
5.24247 8130.04
5.24448 8134.61
5.24649 8139.13
5.24849 8143.61
5.2505 8148.06
5.25251 8152.46
5.25452 8156.82
5.25652 8161.14
5.25853 8165.43
5.26054 8169.68
5.26254 8173.9
5.26455 8178.08
5.26656 8182.23
5.26856 8186.35
5.27057 8190.44
5.27258 8194.5
5.27458 8198.53
5.27659 8202.54
5.2786 8206.52
5.2806 8210.48
5.28261 8214.41
5.28462 8218.32
5.28662 8222.21
5.28863 8226.08
5.29064 8229.93
5.29264 8233.76
5.29465 8237.58
5.29666 8241.38
5.29866 8245.17
5.30067 8248.94
5.30268 8252.71
5.30468 8256.46
5.30669 8260.2
5.3087 8263.93
5.3107 8267.66
5.31271 8271.38
5.31472 8275.09
5.31672 8278.8
5.31873 8282.51
5.32074 8286.21
5.32274 8289.92
5.32475 8293.62
5.32676 8297.33
5.32876 8301.04
5.33077 8304.75
5.33278 8308.47
5.33478 8554.99
5.33679 8560.28
5.3388 8565.61
5.3408 8570.97
5.34281 8576.38
5.34482 8581.83
5.34682 8587.32
5.34883 8592.85
5.35084 8598.42
5.35284 8604.03
5.35485 8609.69
5.35686 8615.38
5.35886 8621.12
5.36087 8626.9
5.36288 8632.73
5.36488 8638.6
5.36689 8644.51
5.3689 8650.46
5.3709 8656.46
5.37291 8662.5
5.37492 8668.59
5.37692 8674.72
5.37893 8680.89
5.38094 8687.11
5.38294 8693.38
5.38495 8699.69
5.38696 8706.04
5.38896 8712.44
5.39097 8718.89
5.39298 8725.38
5.39498 8731.92
5.39699 8738.5
5.399 8745.14
5.401 8751.82
5.40301 8758.54
5.40502 8765.31
5.40702 8772.13
5.40903 8779
5.41104 8785.92
5.41304 8792.88
5.41505 8799.9
5.41706 8806.96
5.41906 8814.07
5.42107 8821.23
5.42308 8828.44
5.42508 8835.69
5.42709 8843
5.4291 8850.36
5.4311 8857.77
5.43311 8865.23
5.43512 8872.73
5.43712 8880.29
5.43913 8887.9
5.44114 8895.57
5.44314 8903.28
5.44515 9350.17
5.44716 9358.52
5.44916 9366.87
5.45117 9375.22
5.45318 9383.57
5.45518 9391.91
5.45719 9400.26
5.4592 9408.59
5.4612 9416.93
5.46321 9425.26
5.46522 9433.58
5.46722 9441.9
5.46923 9450.21
5.47124 9458.52
5.47324 9466.81
5.47525 9475.1
5.47726 9483.38
5.47926 9491.65
5.48127 9499.91
5.48328 9508.16
5.48528 9516.4
5.48729 9524.62
5.4893 9532.84
5.4913 9541.03
5.49331 9549.22
5.49532 9557.39
5.49732 9565.54
5.49933 9573.68
5.50134 9581.81
5.50334 9589.91
5.50535 9598
5.50736 9606.07
5.50936 9614.12
5.51137 9622.15
5.51338 9630.16
5.51538 9638.15
5.51739 9646.12
5.5194 9654.07
5.5214 9661.99
5.52341 9669.9
5.52542 9677.77
5.52742 9685.63
5.52943 9693.45
5.53144 9701.25
5.53344 9709.03
5.53545 9716.78
5.53746 9724.5
5.53946 9732.19
5.54147 9739.86
5.54348 9747.49
5.54548 9755.09
5.54749 9762.67
5.5495 9770.21
5.55151 9777.72
5.55351 9785.2
5.55552 9792.64
5.55753 10172.7
5.55953 10178.6
5.56154 10184.5
5.56355 10190.3
5.56555 10196.2
5.56756 10202
5.56957 10207.7
5.57157 10213.5
5.57358 10219.2
5.57559 10224.9
5.57759 10230.6
5.5796 10236.3
5.58161 10241.9
5.58361 10247.5
5.58562 10253.1
5.58763 10258.7
5.58963 10264.3
5.59164 10269.8
5.59365 10275.3
5.59565 10280.8
5.59766 10286.3
5.59967 10291.7
5.60167 10297.2
5.60368 10302.6
5.60569 10308
5.60769 10313.4
5.6097 10318.8
5.61171 10324.1
5.61371 10329.5
5.61572 10334.8
5.61773 10340.1
5.61973 10345.4
5.62174 10350.7
5.62375 10356
5.62575 10361.2
5.62776 10366.4
5.62977 10371.7
5.63177 10376.9
5.63378 10382.1
5.63579 10387.3
5.63779 10392.4
5.6398 10397.6
5.64181 10402.7
5.64381 10407.9
5.64582 10413
5.64783 10418.1
5.64983 10423.2
5.65184 10428.3
5.65385 10433.4
5.65585 10438.5
5.65786 10443.6
5.65987 10448.6
5.66187 10453.7
5.66388 10458.7
5.66589 10463.8
5.66789 10807.1
5.6699 10814.3
5.67191 10821.5
5.67391 10828.8
5.67592 10836.2
5.67793 10843.6
5.67993 10851.1
5.68194 10858.7
5.68395 10866.3
5.68595 10874
5.68796 10881.7
5.68997 10889.5
5.69197 10897.4
5.69398 10905.3
5.69599 10913.3
5.69799 10921.4
5.7 10929.5
